RESTART
MOLINFO STRUCTURE=prot0.pdb
WHOLEMOLECULES ENTITY0=1-5145 ENTITY1=5146-5237
c1:   COM ATOMS=146,148,150,153,154,156,158,160,162,164,165,197,199,201,203,207,210,214,215,216,218,220,223,226,227,231,232,469,471,473,475,479,482,486,487,507,509,511,514,515,516,517,518,519,521,523,525,529,531,532,533,535,538,539,540,542,544,547,549,550,1155,1157,1159,1162,1163,1165,1167,1168,1170,1172,1174,1175,1176,1178,1180,1182,1186,1190,1191,1192,1194,1196,1199,1201,1202,1671,1673,1675,1678,1679,1681,1683,1685,1687,1689,1690,1720,1722,1724,1726,1730,1732,1733,1804,1806,1808,1811,1812,1814,1816,1818,1820,1822,1823,1843,1845,1847,1849,1853,1856,1860,1861,2956,2958,2960,2963,2964,2966,2968,2969,2971,2973,2975,2976,3268,3270,3272,3274,3278,3281,3285,3286,3303,3305,3307,3310,3311,3312,3314,3315,3327,3329,3332,3333,3334,3336,3338,3340,3344,3346,3347,3348,3350,3352,3355,3357,3358,3359,3361,3363,3367,3368,3388,3390,3392,3394,3398,3400,3401,4499,4501,4503,4505,4509,4512,4516,4517,4525,4527,4529,4532,4534,4538,4542,4543,4556,4558,4560,4563,4564,4566,4568,4570,4572,4574,4575,4654,4656,4658,4660,4664,4667,4671,4672
c2:   COM ATOMS=5146,5147,5148,5149,5150,5151,5152,5153,5154,5155,5156,5157,5158,5159,5160,5161,5162,5163,5164,5165,5166,5167,5168,5169,5170,5171,5172,5173,5174,5175,5176,5177,5178,5179,5180,5181,5182,5183,5184,5185,5186,5187,5188,5189,5190
d1: DISTANCE ATOMS=c1,c2
d2: DISTANCE ATOMS=509,1178

METAD ...
ARG=d1
SIGMA=0.011
GRID_MIN=0.0
GRID_MAX=10.0
HEIGHT=1.2
PACE=500
BIASFACTOR=10
TEMP=300
LABEL=metad
CALC_RCT
... METAD

PRINT ARG=d1,d2,metad.* STRIDE=500 FILE=COLVAR
