RESTART
MOLINFO STRUCTURE=prot-masses.pdb
WHOLEMOLECULES ENTITY0=1-5151 ENTITY1=5152-5240
c1:   COM ATOMS=197,199,201,203,207,210,214,215,216,218,220,223,226,227,231,232,469,471,473,475,479,482,486,487,507,509,511,514,515,516,517,518,533,535,538,539,540,542,544,547,549,550,594,596,598,601,602,604,606,607,609,611,613,615,616,617,618,620,622,624,628,632,633,634,635,638,641,644,646,647,1124,1126,1128,1131,1134,1135,1139,1140,1155,1157,1159,1162,1163,1165,1167,1168,1170,1172,1174,1175,1224,1226,1228,1230,1234,1238,1239,1589,1591,1593,1595,1599,1603,1604,1636,1638,1640,1642,1646,1648,1649,1720,1722,1724,1726,1730,1732,1733,1734,1736,1738,1741,1742,1744,1746,1747,1749,1751,1753,1754,1779,1781,1783,1786,1788,1789,1804,1806,1808,1811,1812,1814,1816,1818,1820,1822,1823,1836,1838,1841,1842,1843,1845,1847,1849,1853,1856,1860,1861,2956,2958,2960,2963,2964,2966,2968,2969,2971,2973,2975,2976,3274,3276,3278,3280,3284,3287,3291,3292,3309,3311,3313,3316,3317,3318,3320,3321,3333,3335,3338,3339,3340,3342,3344,3346,3350,3352,3353,3354,3356,3358,3361,3363,3364,4562,4564,4566,4569,4570,4572,4574,4576,4578,4580,4581,4660,4662,4664,4666,4670,4673,4677,4678
c2:   COM ATOMS=5152,5153,5154,5155,5156,5157,5158,5159,5160,5161,5162,5163,5164,5165,5166,5167,5168,5169,5170,5171,5172,5173,5174,5175,5176,5177,5178,5179,5180,5181,5182,5183,5184,5185,5186,5187,5188,5189,5190,5191,5192,5193,5194,5195
d1: DISTANCE ATOMS=c1,c2
d2: DISTANCE ATOMS=509,1178

t1: TORSION ATOMS=1155,1157,1159,1162
t2: TORSION ATOMS=1157,1159,1162,1163
t3: TORSION ATOMS=@chi1-41
t4: TORSION ATOMS=@chi2-41

METAD ...
ARG=d1
SIGMA=0.011
GRID_MIN=0.0
GRID_MAX=15.0
HEIGHT=1.2
PACE=500
BIASFACTOR=10
TEMP=300
LABEL=metad
CALC_RCT
... METAD

PRINT ARG=d1,d2,t1,t2,t3,t4,metad.* STRIDE=500 FILE=COLVAR
